2.647713419000046997e+01
2.657345265000003565e+01
2.678388692000044102e+01
2.706324171000051138e+01
2.815742579000016121e+01
2.819382206000045699e+01
2.854578877000039938e+01
2.923531791000095836e+01
2.933669995000036579e+01
2.953609113000038633e+01
2.991888588999972853e+01
2.993652518000089913e+01
3.041449273000034736e+01
3.045281452000017453e+01
3.048517302999971434e+01
3.083980879000046116e+01
3.103603971000029560e+01
3.113546778000090853e+01
3.123594537999997556e+01
3.129477416000008816e+01
3.135239960000035353e+01
3.146188858000095934e+01
3.151953176999995776e+01
3.198451711000052455e+01
3.209494649000043864e+01
3.228195788999983051e+01
3.236982612000065274e+01
3.274008590000084951e+01
3.291882033000001684e+01
3.306966541000110738e+01
3.311781830000109039e+01
3.314941922000070917e+01
3.316948555999988457e+01
3.328692809000040143e+01
3.331886646000020846e+01
3.357936544000040158e+01
3.364506282000002102e+01
3.365550512000027084e+01
3.395765113000015845e+01
3.396072767999976350e+01
3.396402527000009286e+01
3.399102042000049551e+01
3.412860926000030304e+01
3.420572784000069078e+01
3.433564214000034553e+01
3.435982478000005358e+01
3.440878338000038639e+01
3.448427315000026283e+01
3.455972699000085413e+01
3.458946914999978617e+01
3.462239182000030269e+01
3.462439079999967362e+01
3.462715435000063735e+01
3.464740256000004592e+01
3.472065283000029012e+01
3.493066077000003133e+01
3.501098837000063213e+01
3.502042064000033861e+01
3.502978341000016371e+01
3.506485483000051318e+01
3.510229403000084858e+01
3.518560928999977477e+01
3.521763995000037539e+01
3.533471723000002385e+01
3.535820800000055897e+01
3.537217387000055169e+01
3.540233191000061197e+01
3.545358906000001298e+01
3.562329294000028312e+01
3.575842003000070690e+01
3.578555881000102090e+01
3.579950912999993307e+01
3.580551954000111436e+01
3.582059796000066854e+01
3.585490000000027067e+01
3.585812803000044369e+01
3.602119321000009222e+01
3.604033425000034185e+01
3.612577397000040946e+01
3.617799443000058091e+01
3.617863130000023375e+01
3.621104424999975890e+01
3.624107600000024831e+01
3.624918930000058026e+01
3.630139496000083454e+01
3.637583631000052264e+01
3.645419874000072014e+01
3.648709132000112731e+01
3.650514423000004172e+01
3.654804162000073120e+01
3.660567298000023584e+01
3.664461681000011595e+01
3.667487000999972224e+01
3.684126813000057155e+01
3.684879137999996601e+01
3.697632085000077495e+01
3.707305583000015758e+01
3.712762486999963585e+01
3.714880489999995916e+01
3.720819819000007556e+01
3.731159148000006098e+01
3.731879286000003049e+01
3.733017029999973602e+01
3.735491111000010278e+01
3.736113597000075970e+01
3.742995549000079336e+01
3.758545091999985743e+01
3.758744167000077141e+01
3.761030221000055462e+01
3.761714430000029097e+01
3.765335218000018358e+01
3.765718424000078812e+01
3.772561459999997169e+01
3.774037107000003743e+01
3.779257976999997481e+01
3.788555007000013575e+01
3.792430290999982390e+01
3.805224226999962411e+01
3.809038135999981023e+01
3.826428397000017867e+01
3.845378407000043808e+01
3.848609393000060663e+01
3.853270539000004646e+01
3.857299469999998109e+01
3.864507400000002235e+01
3.866927815000053670e+01
3.867597456000112288e+01
3.870950061999974423e+01
3.872118501000113611e+01
3.873655918999975256e+01
3.879201453000041511e+01
3.880358673000046110e+01
3.882631042000048183e+01
3.886590451000029134e+01
3.894865482000022894e+01
3.896364938999977312e+01
3.896518723000008322e+01
3.910684356999990996e+01
3.927094806000059179e+01
3.928631776000111131e+01
3.929793685000004189e+01
3.931568596000033722e+01
3.944285260000015114e+01
3.947689008999986982e+01
3.960659893000047305e+01
3.968493231000047672e+01
3.969121113000073819e+01
3.972004946000015480e+01
3.976055853000070783e+01
3.976324163000026601e+01
3.980566247000024305e+01
3.989457751000009011e+01
3.990248625999993237e+01
3.990317567000056442e+01
3.992782479000015883e+01
3.994360849999975471e+01
3.998269324000102642e+01
3.998743303000082960e+01
4.002376370999991195e+01
4.005089609999959066e+01
4.014034383000034722e+01
4.014369324000017514e+01
4.019577156000013929e+01
4.023433781000039744e+01
4.028662980000081006e+01
4.033780937000028644e+01
4.037135462000060215e+01
4.042461876000015764e+01
4.047339955000006739e+01
4.049562617000083264e+01
4.053707525000027090e+01
4.053990320000048087e+01
4.054325081000024511e+01
4.056315721999999369e+01
4.059228876999986824e+01
4.059307423000063864e+01
4.064305826999952842e+01
4.065325563000078546e+01
4.065706955000041489e+01
4.072154047000003629e+01
4.072876753000036842e+01
4.074762037000073178e+01
4.075179282000044623e+01
4.075756559000001289e+01
4.078912823000064236e+01
4.080093663000025117e+01
4.088575955000032991e+01
4.088686969000082172e+01
4.090158024999982445e+01
4.092628825000065262e+01
4.099085218000072928e+01
4.108215617000041675e+01
4.108775344999958179e+01
4.115292666000095778e+01
4.127232196000022668e+01
4.127664809000089008e+01
4.128664161000051536e+01
4.128968916000030731e+01
4.128972362999957113e+01
4.129477226000017254e+01
4.130647909000072104e+01
4.131482956000036211e+01
4.131791769000028580e+01
4.146690407999994932e+01
4.149620366999988619e+01
4.154111999000087962e+01
4.155038376999982574e+01
4.157168688999990991e+01
4.161241659000006621e+01
4.161330795000048965e+01
4.163400481999997282e+01
4.165762953000012203e+01
4.175356318000012834e+01
4.178595797000070888e+01
4.179332337000050757e+01
4.187323957000080554e+01
4.191288969000015641e+01
4.197116641000047821e+01
4.203720001000056072e+01
4.204264782999962335e+01
4.205913236000014876e+01
4.208631260000038310e+01
4.216191297000023042e+01
4.223296862999995938e+01
4.225711675000002288e+01
4.231945494000046892e+01
4.234346007000021928e+01
4.235073422999994364e+01
4.236474023000027955e+01
4.244688203000077920e+01
4.245898395000040182e+01
4.248504499000046053e+01
4.250883390000035433e+01
4.253194428999995580e+01
4.255659901000035461e+01
4.257723636999980954e+01
4.258516483000039443e+01
4.260850420000042504e+01
4.264997331000085978e+01
4.266225631999986945e+01
4.270846732999962114e+01
4.271759917000053974e+01
4.271964984999976878e+01
4.273885227000027953e+01
4.273929897000016354e+01
4.280658750000020518e+01
4.281487799000024097e+01
4.282627113000035024e+01
4.284176466999997501e+01
4.285973531000036019e+01
4.293165894000048866e+01
4.293312494000019797e+01
4.295977467000011529e+01
4.308274666000033903e+01
4.308668883000063943e+01
4.314374081000096339e+01
4.315051085000050080e+01
4.317769276000035461e+01
4.320845336000002135e+01
4.325560724000024493e+01
4.330410248000043794e+01
4.331324157000017294e+01
4.334018078000008245e+01
4.336169578000044567e+01
4.339798449000045366e+01
4.343054113000107463e+01
4.345503328999984660e+01
4.346764226000050257e+01
4.354143952000049467e+01
4.355431784000029438e+01
4.355837084000086179e+01
4.361008349000076123e+01
4.363428457000009075e+01
4.366658443000051193e+01
4.376988784000059240e+01
4.380318501000056131e+01
4.383359120000022813e+01
4.386613781000050949e+01
4.392595909000010579e+01
4.397643776000040816e+01
4.397711189999972703e+01
4.397843825000018114e+01
4.398479851000047347e+01
4.402156033000028401e+01
4.402750641000056930e+01
4.409699926000030246e+01
4.411472233000040433e+01
4.412787779000063892e+01
4.414837908000026800e+01
4.416333636000035767e+01
4.417589860000043700e+01
4.418797223000001395e+01
4.423252368000066781e+01
4.423943560000043362e+01
4.426617215999976906e+01
4.426712584000051720e+01
4.427210707000085677e+01
4.436057966000043962e+01
4.443069923000075505e+01
4.444681067000055918e+01
4.446487911000076565e+01
4.452726738999990630e+01
4.454313139000078081e+01
4.455678480000005948e+01
4.457808575000035489e+01
4.458804853000037838e+01
4.462335798000094655e+01
4.463444208000055369e+01
4.469264787000065553e+01
4.470558219000031386e+01
4.476413678000062646e+01
4.478544627000064793e+01
4.478867689000071550e+01
4.485102655999980925e+01
4.487559283000064170e+01
4.491652553000039916e+01
4.491756751000048098e+01
4.491903017999993608e+01
4.492535728999973799e+01
4.493518903000040154e+01
4.494517899000038597e+01
4.507080348000090453e+01
4.508661025000037625e+01
4.515649294000104419e+01
4.517510682000101951e+01
4.518319508999957179e+01
4.518500863000008394e+01
4.519244118000096933e+01
4.522437787000035314e+01
4.527014649000011559e+01
4.527993736000098579e+01
4.535314552999989246e+01
4.537717662000068231e+01
4.538482364999981655e+01
4.547623165000004519e+01
4.548269365000032849e+01
4.551052018000063981e+01
4.551150794000022870e+01
4.552315629000077024e+01
4.554487372000039613e+01
4.556540578000021924e+01
4.559027279000110866e+01
4.559831830000075570e+01
4.565958712000065134e+01
4.569407418999981019e+01
4.574018794000039634e+01
4.579389493000053335e+01
4.583892605999972147e+01
4.586144736999995075e+01
4.586382701000002271e+01
4.586995329000092170e+01
4.590860278000036487e+01
4.602158575999965251e+01
4.604974196000057418e+01
4.605245327000011457e+01
4.609936270999969565e+01
4.613656430000082764e+01
4.613905565000095521e+01
4.615548998000031133e+01
4.617890446999990672e+01
4.622498034999989613e+01
4.625174165000044013e+01
4.629533181000078912e+01
4.630989964000036707e+01
4.634456547999980103e+01
4.637352805000045919e+01
4.641393854000034480e+01
4.642576766000092903e+01
4.643272776000048907e+01
4.644107335000080639e+01
4.644788900999992620e+01
4.645696088000113377e+01
4.646023213999978907e+01
4.647604984999998123e+01
4.647704904000056558e+01
4.649897515000066051e+01
4.650212757000008423e+01
4.652143836000050214e+01
4.652674226999988605e+01
4.653393490000053134e+01
4.653688828000031208e+01
4.654145519000030617e+01
4.659769336000044859e+01
4.662049875000047905e+01
4.670718388000022969e+01
4.673816850000002887e+01
4.674286881000080029e+01
4.675587076000010711e+01
4.675974776000020938e+01
4.681324194999979227e+01
4.682190762000027462e+01
4.682332126000073913e+01
4.683335127000009379e+01
4.687921858000026987e+01
4.689485667000008107e+01
4.691869254000084766e+01
4.694706365000092774e+01
4.695189252999989549e+01
4.697289430999990145e+01
4.698488766999980726e+01
4.701860730000043986e+01
4.705750276000071608e+01
4.707396108000102686e+01
4.710983696000039345e+01
4.711812480000025971e+01
4.712389384000016435e+01
4.715731347000019014e+01
4.719708363000063400e+01
4.725742085000001680e+01
4.726100179000059143e+01
4.734508765999999014e+01
4.736226661000000604e+01
4.743280484000024444e+01
4.744335191000027407e+01
4.744776529000046139e+01
4.750408690000040224e+01
4.752618984000037017e+01
4.756274305999977514e+01
4.756702121000034822e+01
4.758051147000060155e+01
4.758228570000028412e+01
4.758747928000047978e+01
4.760132535000047938e+01
4.761960235000060493e+01
4.772246161000020948e+01
4.773060206000081962e+01
4.778606298000067909e+01
4.780138231000091764e+01
4.780764851999992970e+01
4.783700964000036038e+01
4.786808031000055053e+01
4.792266361000019970e+01
4.795880467999995744e+01
4.798083870000027673e+01
4.806156420000024809e+01
4.806561375999990560e+01
4.812294402000043192e+01
4.813570196000000578e+01
4.815444176000073639e+01
4.816064096999980393e+01
4.817011226000067836e+01
4.819449590000021999e+01
4.826042464999954973e+01
4.827859782999985327e+01
4.835701959000107308e+01
4.839199218000067049e+01
4.843124192000050243e+01
4.853195307000078174e+01
4.853878299999996671e+01
4.860556779000035021e+01
4.869354595000004338e+01
4.870303924000018014e+01
4.875728320000052918e+01
4.878942604999974719e+01
4.884189931000037177e+01
4.884715898000104062e+01
4.886967341000035958e+01
4.887245444000109273e+01
4.888221212999997078e+01
4.891720505000012054e+01
4.891860027000075206e+01
4.891909525000028225e+01
4.892461610999998811e+01
4.892500676000054227e+01
4.894458907999978692e+01
4.897008706000087841e+01
4.898937477999970724e+01
4.900302305000059278e+01
4.904006312000092294e+01
4.904555529000026581e+01
4.905301667000003363e+01
4.910935263999999734e+01
4.912288609000097495e+01
4.913057903000026272e+01
4.916083966000041983e+01
4.918885851000050025e+01
4.919327786000030756e+01
4.923279671999989660e+01
4.923790980000012496e+01
4.924297782000030566e+01
4.926194156000019575e+01
4.927342872000008356e+01
4.927589183000054618e+01
4.928887075000056939e+01
4.932331013000111852e+01
4.934597983999992721e+01
4.940149836999989930e+01
4.942276040999968245e+01
4.943431369999962044e+01
4.945273274999999558e+01
4.947255414000028395e+01
4.952593371000057232e+01
4.955925369000033243e+01
4.962362797999958275e+01
4.968014912000035110e+01
4.969198063000021648e+01
4.969900416000018595e+01
4.977472758000021713e+01
4.977934966000066197e+01
4.979922197000087181e+01
4.988344654000047740e+01
4.996725790000073175e+01
5.006969032000051811e+01
5.007890978999967047e+01
5.009168978000070638e+01
5.012879702999998699e+01
5.013319440000032046e+01
5.021384790000047360e+01
5.024729978000050323e+01
5.025815624999995634e+01
5.028502987000047142e+01
5.029761427000084950e+01
5.035046436999982689e+01
5.035067219000120531e+01
5.040739786999984062e+01
5.041064970000024914e+01
5.044304655000087223e+01
5.044596625000031054e+01
5.048029160000078264e+01
5.048838338000041404e+01
5.055163899000035599e+01
5.055925771000056557e+01
5.061802575000001525e+01
5.062815118000071379e+01
5.074388496000028681e+01
5.077807347999987542e+01
5.083147380000082194e+01
5.091565274999993562e+01
5.092326565000075789e+01
5.100149512999996659e+01
5.104467991999990772e+01
5.104613232000065182e+01
5.107740247000037925e+01
5.117467872000088391e+01
5.127186584000082803e+01
5.128342469000017445e+01
5.129093432000081521e+01
5.137424484999974084e+01
5.138616207999984908e+01
5.141249206000065897e+01
5.142092320000028849e+01
5.142975492000005033e+01
5.143268678000004002e+01
5.148581497000031959e+01
5.154039697999996861e+01
5.168668761000026279e+01
5.168830187999992631e+01
5.175086798000029376e+01
5.179491734000021097e+01
5.180443549000028725e+01
5.180840164000073855e+01
5.184809667000081390e+01
5.186372269999992568e+01
5.190466519000074186e+01
5.191563753999980690e+01
5.191686362000018562e+01
5.192958288000045286e+01
5.199749538000014581e+01
5.202974193000045489e+01
5.205639842000073259e+01
5.207871002000047156e+01
5.208283638000011706e+01
5.210141744000065955e+01
5.214799511000001075e+01
5.219521284999973432e+01
5.221367547000045306e+01
5.222427784000046813e+01
5.229146183000011661e+01
5.230080574000021443e+01
5.237812346000009711e+01
5.240443858999969962e+01
5.242065648000061628e+01
5.244297913999980665e+01
5.247889995000059571e+01
5.249032467000051838e+01
5.249963552000008349e+01
5.251780318000055559e+01
5.256705146000058448e+01
5.258678918999976304e+01
5.264119884000047023e+01
5.269416860999990604e+01
5.275420834000033210e+01
5.278428683000038291e+01
5.279407136000008904e+01
5.283553076000043802e+01
5.286697439999989001e+01
5.290450923000025796e+01
5.291535139000006893e+01
5.292063639000025432e+01
5.295380140999986907e+01
5.308575775000099384e+01
5.319321773000046960e+01
5.319573416999992332e+01
5.323345710000012332e+01
5.324227473999962967e+01
5.326761595000061789e+01
5.328647235999960685e+01
5.329294076000041969e+01
5.339317694000055781e+01
5.340281731000050058e+01
5.341893245000028401e+01
5.350914771000043402e+01
5.351258068000061030e+01
5.352752947000044514e+01
5.352760415000011562e+01
5.358881025000027876e+01
5.360790263000035338e+01
5.370482988000003388e+01
5.371860596000078658e+01
5.375297791000048164e+01
5.377093142000012449e+01
5.382051692999993975e+01
5.389943214999948395e+01
5.390545617000043421e+01
5.391719512000054237e+01
5.393730710000090767e+01
5.409535185999993701e+01
5.411632561999977042e+01
5.412564821000069060e+01
5.413829608000014559e+01
5.415355559999989055e+01
5.417003059000035137e+01
5.417418619999989460e+01
5.427425265000056243e+01
5.428748687000006612e+01
5.430593334000059258e+01
5.431539420999979484e+01
5.438242123000054562e+01
5.444364328000028763e+01
5.452679413000078057e+01
5.455256009000004269e+01
5.460330638000050385e+01
5.463075466000009328e+01
5.465517907000048581e+01
5.466843682000035187e+01
5.470784782000009727e+01
5.475674242999957642e+01
5.477759710000100313e+01
5.483053860000018176e+01
5.483239167000010639e+01
5.488949141000011878e+01
5.494778960000076040e+01
5.495970081999985268e+01
5.497444526000072074e+01
5.503188829000009719e+01
5.506253011000080733e+01
5.508933769000032044e+01
5.522094595000089612e+01
5.522739376000026823e+01
5.527335723000032885e+01
5.527593312000044534e+01
5.527956027999971411e+01
5.529558723000081955e+01
5.532159209000019473e+01
5.547358399000040663e+01
5.551783380000051693e+01
5.555006337000031635e+01
5.556418583000049694e+01
5.561364949000017077e+01
5.561387749999994412e+01
5.570172645000002376e+01
5.571006239000053029e+01
5.573778194000078656e+01
5.575871972999993886e+01
5.576512481000099797e+01
5.577648322000004555e+01
5.579225822000080370e+01
5.580846368000038638e+01
5.582967461000043841e+01
5.584869746000003943e+01
5.585743539000031888e+01
5.586986496000099578e+01
5.588777389000006224e+01
5.601744816000064020e+01
5.602117180999994162e+01
5.602741471000081219e+01
5.606534343000021181e+01
5.608897521000017150e+01
5.610960878000059893e+01
5.611896040999999968e+01
5.613027099000009912e+01
5.615720604000034655e+01
5.617509152000002359e+01
5.617541198999970220e+01
5.619198006000078749e+01
5.620334861000083038e+01
5.622782006000034016e+01
5.623055730000032781e+01
5.625137480000012147e+01
5.633824081999955524e+01
5.638377049000064289e+01
5.639881740000055288e+01
5.652688001000024087e+01
5.653663172000051418e+01
5.655460166000011668e+01
5.658853749000081734e+01
5.660501896000005218e+01
5.660828585000035673e+01
5.661313642999994045e+01
5.673921839000104228e+01
5.674402127000030305e+01
5.674805669000033959e+01
5.678039911999985634e+01
5.678416326000024128e+01
5.678810676000011881e+01
5.679071603000011237e+01
5.687960639000084484e+01
5.688050603000010597e+01
5.693331067000053736e+01
5.699238422000053106e+01
5.702966755000034027e+01
5.703386909999971977e+01
5.703781296000033763e+01
5.710081945000001724e+01
5.711401022999962152e+01
5.721491075999983877e+01
5.724463631000071473e+01
5.727437781000026007e+01
5.732139208000080544e+01
5.741502691000096092e+01
5.741954736000025150e+01
5.750019912000061595e+01
5.753912783000123454e+01
5.754931665000003704e+01
5.757340398000087589e+01
5.772458723999989161e+01
5.774209586000051786e+01
5.779911401000026672e+01
5.780370906000007380e+01
5.782704591000037908e+01
5.784705017000032967e+01
5.786756079000042519e+01
5.789585656999952334e+01
5.790154228000028525e+01
5.790740661000018008e+01
5.794389198000044416e+01
5.800775667000016256e+01
5.806685925000056159e+01
5.809483622000061587e+01
5.810046183000031306e+01
5.814206707000084862e+01
5.823608722000062698e+01
5.824192437000056088e+01
5.825224797000009858e+01
5.825530200000048353e+01
5.838391757000044890e+01
5.838584435000029771e+01
5.844331347000024834e+01
5.844873958000061975e+01
5.845642038000005414e+01
5.849372834000041621e+01
5.850976651000019046e+01
5.854824609000024793e+01
5.866008470000087982e+01
5.869623608999972930e+01
5.890025813000102062e+01
5.897881320000033156e+01
5.903964140000061889e+01
5.911979984000026889e+01
5.917297526000038488e+01
5.931706187000054342e+01
5.933643226999993203e+01
5.955277288000070257e+01
5.956461748000037915e+01
5.956521520000023884e+01
5.964880062000065664e+01
5.965576865000002726e+01
5.968088818999967771e+01
5.969093211000108568e+01
5.972032969000065350e+01
5.973114551000071515e+01
5.973705454000082682e+01
5.974906454000119993e+01
5.982522527000037371e+01
5.987445583000044280e+01
5.988745238000046811e+01
5.997984141000051750e+01
6.003704287999971712e+01
6.010704703000010340e+01
6.011389874999986205e+01
6.019517764000011084e+01
6.019672124000044278e+01
6.028414004000023851e+01
6.029758630000014819e+01
6.038247916000000259e+01
6.038352851000036026e+01
6.039235234000079799e+01
6.041362902000037138e+01
6.043066074000034860e+01
6.056721844999992754e+01
6.059461753000050521e+01
6.065296502000001055e+01
6.066770051000003150e+01
6.069216200000028039e+01
6.074337060000107158e+01
6.089335362000019813e+01
6.092214000000058149e+01
6.095712866000030772e+01
6.101662435000071127e+01
6.107601109000006545e+01
6.111427731000003405e+01
6.114838897000026918e+01
6.122766272999979265e+01
6.130373283000062656e+01
6.134393002000069828e+01
6.136560963000010815e+01
6.136952890999964438e+01
6.139559215000008408e+01
6.140454210000007151e+01
6.154044338000039716e+01
6.154455378999955428e+01
6.160791095999957179e+01
6.170528453000042646e+01
6.172982216000036715e+01
6.177142745000037394e+01
6.188636622000012721e+01
6.203211343000111810e+01
6.205650925000009011e+01
6.217262841000047047e+01
6.217424953000045207e+01
6.218325013000048784e+01
6.224147849000019050e+01
6.226211249000061798e+01
6.234432770000057644e+01
6.238998601999992388e+01
6.248403022000093188e+01
6.250516761000108090e+01
6.251141112000004796e+01
6.252095387000008486e+01
6.254595998000058898e+01
6.264758744000027946e+01
6.267129276000014215e+01
6.272509963999982574e+01
6.272747501000048942e+01
6.289367271000082837e+01
6.294706761000088591e+01
6.295035635000022012e+01
6.296140725999975984e+01
6.301684091000061017e+01
6.303219205999994301e+01
6.324322009000024991e+01
6.324862427000061871e+01
6.330146084000080009e+01
6.338483352000002924e+01
6.349741990999973495e+01
6.352702393000072334e+01
6.356524599000113085e+01
6.360131753000041499e+01
6.387751214000036271e+01
6.392143054000007396e+01
6.394769352000002982e+01
6.401133558000037738e+01
6.403517644000021392e+01
6.403595773000051850e+01
6.406865472000026784e+01
6.411708284999986063e+01
6.415719533999981650e+01
6.423975367999992159e+01
6.437027491000026203e+01
6.438763002999985474e+01
6.449718951999966521e+01
6.450944874000015261e+01
6.451738595999995596e+01
6.455955155000083323e+01
6.463828226000077848e+01
6.468573864999962097e+01
6.473607135000020207e+01
6.476175863000025856e+01
6.484018276000097103e+01
6.484166431000085140e+01
6.489946073999999498e+01
6.492541705000076036e+01
6.500941485000021203e+01
6.507884698000088974e+01
6.527275067000027775e+01
6.543062523000116926e+01
6.555851977000020270e+01
6.566239059000054112e+01
6.569461297999987437e+01
6.577178442000058567e+01
6.588703134000024875e+01
6.595043179000094824e+01
6.598025959000005969e+01
6.602767518000018754e+01
6.602782375000060711e+01
6.612124063999999635e+01
6.622199725000064063e+01
6.629513465000036376e+01
6.645403479000015068e+01
6.654301013999975112e+01
6.659756709000066621e+01
6.675958667000031710e+01
6.679924451000078989e+01
6.684693239999978687e+01
6.695447675000104937e+01
6.697034757000074023e+01
6.710109353000007104e+01
6.711222031000033894e+01
6.711759085000085179e+01
6.715941885000029288e+01
6.720271458000024722e+01
6.741011814000012237e+01
6.743180143000063254e+01
6.747273726999992505e+01
6.750105921000067610e+01
6.766383280000081868e+01
6.770385995000106050e+01
6.770439823000015167e+01
6.773136635999981081e+01
6.774886515999969561e+01
6.782242612000027293e+01
6.785853527000108443e+01
6.795044412000061129e+01
6.795706656000038492e+01
6.797654719999991357e+01
6.804737480000039795e+01
6.832867147000069963e+01
6.844266826000057335e+01
6.852911588000097254e+01
6.857530291000057332e+01
6.863039989000026253e+01
6.864895010000054754e+01
6.873752908000096795e+01
6.889566512000055809e+01
6.902301342999999179e+01
6.909795724000014161e+01
6.912727128000005905e+01
6.928314205000060610e+01
6.943982156000038231e+01
6.948672996999994211e+01
6.951789837000069383e+01
6.955551696000111406e+01
6.958981557000061002e+01
6.963414331000058155e+01
6.993875595000008616e+01
7.012246881000100984e+01
7.018029965999994602e+01
7.037065512000026501e+01
7.038555719000032695e+01
7.040762601000096765e+01
7.041171702000065125e+01
7.042883837000044878e+01
7.044840369000030478e+01
7.045452830000067479e+01
7.056854460000067775e+01
7.073265741000068374e+01
7.122199972000089474e+01
7.162327956000081031e+01
7.182185936000041693e+01
7.185624055000062071e+01
7.251855703000001085e+01
7.252469290000044566e+01
7.403543431999969471e+01
7.434286937999968359e+01
7.436969671000042581e+01
7.454213490000074671e+01
7.513198512000053597e+01
7.525873001000036311e+01
7.528385332000107155e+01
7.536406581000119331e+01
7.562444741000035719e+01
7.607413003000056051e+01
7.616515960000106134e+01
7.635987292000027082e+01
7.640069209000103001e+01
7.691810412999984692e+01
7.709822474999964470e+01
7.769511390000025131e+01
7.826816478000000643e+01
7.830205211999964376e+01
7.856344501000057789e+01
7.885074101000100200e+01
7.941203468000094290e+01
7.995234453000011854e+01
8.001028960999974515e+01
8.031496629000048415e+01
8.044378122000034637e+01
8.047558116000072914e+01
8.049304016000041884e+01
8.050450525999985985e+01
8.063306491000003007e+01
8.077516841000033310e+01
8.087414021000040520e+01
8.096171482000045216e+01
8.130297129000064160e+01
8.286002116000054230e+01
8.342234448000090197e+01
8.576098905999970157e+01
8.579738794000058988e+01
8.610404630999983056e+01
8.927576507000048878e+01
8.953285562000019127e+01
8.972738327000024583e+01
8.975556718000007095e+01
9.457611800000086077e+01
9.558683257000029698e+01
9.789252773000043817e+01
1.002775092299998505e+02
1.031374375800005510e+02
1.237332951500002309e+02
