     0.26042891
     0.36882896
     0.06991759
    -0.11328157
     0.44561827
     0.28739144
     1.33101564
    -0.04874632
    -0.42139896
     0.15840472
     1.09997927
    -0.16361423
    -0.86071776
     0.06556672
    -1.50243752
    -0.12194483
     0.74042027
     0.03873799
     1.44940617
     0.27201171
     1.04776845
    -0.92603401
    -0.04008868
     0.59918796
     0.67048258
     0.12821152
     0.03305764
     0.73076766
     1.98020549
    -1.03329464
    -0.86273761
    -0.62732594
    -0.77707069
    -0.63403551
    -0.63729402
    -0.68997734
    -0.31332986
    -1.44242012
     0.10572804
    -1.40446671
    -0.17876526
    -1.13482402
     0.50504351
     0.84702525
     2.62695466
     0.52528850
    -0.38309884
     0.77046912
     0.42595337
    -0.22128742
     0.21221967
     1.32594291
     0.39512198
    -2.39648888
    -1.41766103
     1.19187579
    -0.48508679
     1.37061784
    -0.75794491
     2.59402882
    -0.25594628
    -1.18072338
    -0.11993960
    -0.93762013
     0.77501597
    -0.73068102
     0.32409651
    -0.59359035
     1.46261311
    -0.69809992
     0.99063396
    -0.53667354
     0.72641793
     0.06431309
    -1.15595930
     0.77359010
     1.27027548
    -2.68576395
    -2.13620073
    -0.58021948
     0.09778676
     1.59754825
    -0.18683380
     0.75665825
     0.10301907
     0.80135145
     0.08108988
    -0.71826751
    -0.13704876
    -0.49504250
    -0.04150807
     0.33580798
    -0.82791036
    -1.29872072
     1.24320419
     0.38637597
     0.60263812
     1.69414281
    -0.98281632
    -1.21320863
    -0.38682641
    -1.05736310
     1.88874313
     0.57914060
     0.71399806
    -2.79387925
     1.90506210
    -2.09304388
     1.39051792
     0.29898160
     0.91116107
     1.92939845
    -0.56780485
     0.11214085
    -0.62040603
    -0.06018253
    -1.96488391
    -1.51239842
    -1.06950894
    -0.54731434
     1.70902912
     0.23972378
     2.35171649
     0.75522580
     0.59783560
    -0.62999738
     1.41835655
    -1.01800466
    -1.33984010
    -0.61760030
     1.60149438
     1.97433110
     0.15835141
    -1.60135497
     0.07784912
    -0.61504527
     1.70576768
    -0.74101931
    -2.00818174
     1.06381474
     0.80720639
     0.79353673
     1.23153951
    -2.26159861
    -0.81906277
     0.14469183
     1.44765432
    -0.58079089
    -0.04030201
     0.74140049
     0.12200585
    -0.98640807
     1.41322875
    -1.55678991
     0.76532414
     0.08497741
    -1.95223687
    -0.30579643
     1.50955079
     0.21207070
     1.42570071
    -1.64174308
    -0.41099692
    -0.10570114
     1.19990853
    -0.47934054
    -0.22225954
    -2.95172831
     1.78030422
     0.10427107
     0.96076610
     1.34378776
    -1.54995088
     2.04079768
     0.34061928
     1.80656019
    -0.94886104
     0.28538931
    -1.72012573
    -2.99036257
     2.06369466
     1.39364474
     0.17505306
    -0.51400871
    -0.15631286
    -0.00832080
     0.97754188
    -1.03779508
     0.52705438
     0.41373776
    -0.49654757
     1.53711934
     2.10694042
     2.86468647
     1.18691693
    -0.75653218
    -1.15479978
    -1.56848109
    -1.04575782
    -1.20500284
    -0.49665777
    -1.00150813
    -1.15563604
     0.43825174
    -0.33012953
     0.00002641
     1.12164068
     1.39230865
    -0.31068267
    -1.89514654
     0.02745110
     0.72915960
     0.61505588
    -2.33767166
     2.57491586
     1.13486649
    -2.02151114
     2.66928125
    -1.81605187
     0.85804441
    -1.63909476
     0.47472963
    -0.77845480
     1.93183206
    -0.99757755
    -0.62659258
     0.74655414
